0 3
1 2
2 1
3 0
4 7
5 6
6 5
7 4
8 11
9 10
10 9
11 8
12 15
13 14
14 13
15 12
16 19
17 18
18 17
19 16
20 23
21 22
22 21
23 20
24 27
25 26
26 25
27 24
28 31
29 30
30 29
31 28
32 35
33 34
34 33
35 32
36 39
37 38
38 37
39 36
40 43
41 42
42 41
43 40
44 47
45 46
46 45
47 44
48 51
49 50
50 49
51 48
52 55
53 54
54 53
55 52
56 59
57 58
58 57
59 56
60 63
61 62
62 61
63 60
64 67
65 66
66 65
67 64
68 71
69 70
70 69
71 68
72 75
73 74
74 73
75 72
76 79
77 78
78 77
79 76
80 83
81 82
82 81
83 80
84 87
85 86
86 85
87 84
88 91
89 90
90 89
91 88
92 95
93 94
94 93
95 92
96 99
97 98
98 97
99 96
100 103
101 102
102 101
103 100
104 107
105 106
106 105
107 104
108 111
109 110
110 109
111 108
112 115
113 114
114 113
115 112
116 119
117 118
118 117
119 116
120 123
121 122
122 121
123 120
124 127
125 126
126 125
127 124
128 131
129 130
130 129
131 128
132 135
133 134
134 133
135 132
136 139
137 138
138 137
139 136
140 143
141 142
142 141
143 140
144 147
145 146
146 145
147 144
148 151
149 150
150 149
151 148
152 155
153 154
154 153
155 152
156 159
157 158
158 157
159 156
160 163
161 162
162 161
163 160
164 167
165 166
166 165
167 164
168 171
169 170
170 169
171 168
172 175
173 174
174 173
175 172
176 179
177 178
178 177
179 176
180 183
181 182
182 181
183 180
184 187
185 186
186 185
187 184
188 191
189 190
190 189
191 188
192 195
193 194
194 193
195 192
196 199
197 198
198 197
199 196
200 203
201 202
202 201
203 200
204 207
205 206
206 205
207 204
208 211
209 210
210 209
211 208
212 215
213 214
214 213
215 212
216 219
217 218
218 217
219 216
220 223
221 222
222 221
223 220
224 227
225 226
226 225
227 224
228 231
229 230
230 229
231 228
232 235
233 234
234 233
235 232
236 239
237 238
238 237
239 236
240 243
241 242
242 241
243 240
244 247
245 246
246 245
247 244
248 251
249 250
250 249
251 248
252 255
253 254
254 253
255 252
256 259
257 258
258 257
259 256
260 263
261 262
262 261
263 260
264 267
265 266
266 265
267 264
268 271
269 270
270 269
271 268
272 275
273 274
274 273
275 272
276 279
277 278
278 277
279 276
280 283
281 282
282 281
283 280
284 287
285 286
286 285
287 284