0 -131.606 86.5228 -65
1 -131.606 86.5228 -84.5
2 -119.357 102.763 -65
3 -119.357 102.763 -84.5
4 -131.606 86.5228 -26
5 -131.606 86.5228 -45.5
6 -119.357 102.763 -26
7 -119.357 102.763 -45.5
8 -131.606 86.5228 13
9 -131.606 86.5228 -6.5
10 -119.357 102.763 13
11 -119.357 102.763 -6.5
12 -131.606 86.5228 52
13 -131.606 86.5228 32.5
14 -119.357 102.763 52
15 -119.357 102.763 32.5
16 -131.606 86.5228 91
17 -131.606 86.5228 71.5
18 -119.357 102.763 91
19 -119.357 102.763 71.5
20 -149.35 50.0081 -71.5
21 -149.35 50.0081 -91
22 -141.659 68.8396 -71.5
23 -141.659 68.8396 -91
24 -149.35 50.0081 -32.5
25 -149.35 50.0081 -52
26 -141.659 68.8396 -32.5
27 -141.659 68.8396 -52
28 -149.35 50.0081 6.5
29 -149.35 50.0081 -13
30 -141.659 68.8396 6.5
31 -141.659 68.8396 -13
32 -149.35 50.0081 45.5
33 -149.35 50.0081 26
34 -141.659 68.8396 45.5
35 -141.659 68.8396 26
36 -149.35 50.0081 84.5
37 -149.35 50.0081 65
38 -141.659 68.8396 84.5
39 -141.659 68.8396 65
40 -157.171 10.1707 -78
41 -157.171 10.1707 -97.5
42 -154.55 30.3424 -78
43 -154.55 30.3424 -97.5
44 -157.171 10.1707 -39
45 -157.171 10.1707 -58.5
46 -154.55 30.3424 -39
47 -154.55 30.3424 -58.5
48 -157.171 10.1707 0
49 -157.171 10.1707 -19.5
50 -154.55 30.3424 0
51 -154.55 30.3424 -19.5
52 -157.171 10.1707 39
53 -157.171 10.1707 19.5
54 -154.55 30.3424 39
55 -154.55 30.3424 19.5
56 -157.171 10.1707 78
57 -157.171 10.1707 58.5
58 -154.55 30.3424 78
59 -154.55 30.3424 58.5
60 -154.55 -30.3424 -65
61 -154.55 -30.3424 -84.5
62 -157.171 -10.1707 -65
63 -157.171 -10.1707 -84.5
64 -154.55 -30.3424 -26
65 -154.55 -30.3424 -45.5
66 -157.171 -10.1707 -26
67 -157.171 -10.1707 -45.5
68 -154.55 -30.3424 13
69 -154.55 -30.3424 -6.5
70 -157.171 -10.1707 13
71 -157.171 -10.1707 -6.5
72 -154.55 -30.3424 52
73 -154.55 -30.3424 32.5
74 -157.171 -10.1707 52
75 -157.171 -10.1707 32.5
76 -154.55 -30.3424 91
77 -154.55 -30.3424 71.5
78 -157.171 -10.1707 91
79 -157.171 -10.1707 71.5
80 -141.659 -68.8396 -71.5
81 -141.659 -68.8396 -91
82 -149.35 -50.0081 -71.5
83 -149.35 -50.0081 -91
84 -141.659 -68.8396 -32.5
85 -141.659 -68.8396 -52
86 -149.35 -50.0081 -32.5
87 -149.35 -50.0081 -52
88 -141.659 -68.8396 6.5
89 -141.659 -68.8396 -13
90 -149.35 -50.0081 6.5
91 -149.35 -50.0081 -13
92 -141.659 -68.8396 45.5
93 -141.659 -68.8396 26
94 -149.35 -50.0081 45.5
95 -149.35 -50.0081 26
96 -141.659 -68.8396 84.5
97 -141.659 -68.8396 65
98 -149.35 -50.0081 84.5
99 -149.35 -50.0081 65
100 -119.357 -102.763 -78
101 -119.357 -102.763 -97.5
102 -131.606 -86.5228 -78
103 -131.606 -86.5228 -97.5
104 -119.357 -102.763 -39
105 -119.357 -102.763 -58.5
106 -131.606 -86.5228 -39
107 -131.606 -86.5228 -58.5
108 -119.357 -102.763 0
109 -119.357 -102.763 -19.5
110 -131.606 -86.5228 0
111 -131.606 -86.5228 -19.5
112 -119.357 -102.763 39
113 -119.357 -102.763 19.5
114 -131.606 -86.5228 39
115 -131.606 -86.5228 19.5
116 -119.357 -102.763 78
117 -119.357 -102.763 58.5
118 -131.606 -86.5228 78
119 -131.606 -86.5228 58.5
120 119.357 -102.763 -84.5
121 119.357 -102.763 -65
122 131.606 -86.5228 -84.5
123 131.606 -86.5228 -65
124 119.357 -102.763 -45.5
125 119.357 -102.763 -26
126 131.606 -86.5228 -45.5
127 131.606 -86.5228 -26
128 119.357 -102.763 -6.5
129 119.357 -102.763 13
130 131.606 -86.5228 -6.5
131 131.606 -86.5228 13
132 119.357 -102.763 32.5
133 119.357 -102.763 52
134 131.606 -86.5228 32.5
135 131.606 -86.5228 52
136 119.357 -102.763 71.5
137 119.357 -102.763 91
138 131.606 -86.5228 71.5
139 131.606 -86.5228 91
140 141.659 -68.8396 -91
141 141.659 -68.8396 -71.5
142 149.35 -50.0081 -91
143 149.35 -50.0081 -71.5
144 141.659 -68.8396 -52
145 141.659 -68.8396 -32.5
146 149.35 -50.0081 -52
147 149.35 -50.0081 -32.5
148 141.659 -68.8396 -13
149 141.659 -68.8396 6.5
150 149.35 -50.0081 -13
151 149.35 -50.0081 6.5
152 141.659 -68.8396 26
153 141.659 -68.8396 45.5
154 149.35 -50.0081 26
155 149.35 -50.0081 45.5
156 141.659 -68.8396 65
157 141.659 -68.8396 84.5
158 149.35 -50.0081 65
159 149.35 -50.0081 84.5
160 154.55 -30.3424 -97.5
161 154.55 -30.3424 -78
162 157.171 -10.1707 -97.5
163 157.171 -10.1707 -78
164 154.55 -30.3424 -58.5
165 154.55 -30.3424 -39
166 157.171 -10.1707 -58.5
167 157.171 -10.1707 -39
168 154.55 -30.3424 -19.5
169 154.55 -30.3424 0
170 157.171 -10.1707 -19.5
171 157.171 -10.1707 0
172 154.55 -30.3424 19.5
173 154.55 -30.3424 39
174 157.171 -10.1707 19.5
175 157.171 -10.1707 39
176 154.55 -30.3424 58.5
177 154.55 -30.3424 78
178 157.171 -10.1707 58.5
179 157.171 -10.1707 78
180 157.171 10.1707 -84.5
181 157.171 10.1707 -65
182 154.55 30.3424 -84.5
183 154.55 30.3424 -65
184 157.171 10.1707 -45.5
185 157.171 10.1707 -26
186 154.55 30.3424 -45.5
187 154.55 30.3424 -26
188 157.171 10.1707 -6.5
189 157.171 10.1707 13
190 154.55 30.3424 -6.5
191 154.55 30.3424 13
192 157.171 10.1707 32.5
193 157.171 10.1707 52
194 154.55 30.3424 32.5
195 154.55 30.3424 52
196 157.171 10.1707 71.5
197 157.171 10.1707 91
198 154.55 30.3424 71.5
199 154.55 30.3424 91
200 149.35 50.0081 -91
201 149.35 50.0081 -71.5
202 141.659 68.8396 -91
203 141.659 68.8396 -71.5
204 149.35 50.0081 -52
205 149.35 50.0081 -32.5
206 141.659 68.8396 -52
207 141.659 68.8396 -32.5
208 149.35 50.0081 -13
209 149.35 50.0081 6.5
210 141.659 68.8396 -13
211 141.659 68.8396 6.5
212 149.35 50.0081 26
213 149.35 50.0081 45.5
214 141.659 68.8396 26
215 141.659 68.8396 45.5
216 149.35 50.0081 65
217 149.35 50.0081 84.5
218 141.659 68.8396 65
219 141.659 68.8396 84.5
220 131.606 86.5228 -97.5
221 131.606 86.5228 -78
222 119.357 102.763 -97.5
223 119.357 102.763 -78
224 131.606 86.5228 -58.5
225 131.606 86.5228 -39
226 119.357 102.763 -58.5
227 119.357 102.763 -39
228 131.606 86.5228 -19.5
229 131.606 86.5228 0
230 119.357 102.763 -19.5
231 119.357 102.763 0
232 131.606 86.5228 19.5
233 131.606 86.5228 39
234 119.357 102.763 19.5
235 119.357 102.763 39
236 131.606 86.5228 58.5
237 131.606 86.5228 78
238 119.357 102.763 58.5
239 119.357 102.763 78